21:58:29 发送成功 串口COM3 FE FE FE FE 68 AA AA AA AA AA AA 68 13 00 DF 16
21:58:29 接收成功 串口COM3 68 12 00 00 00 10 20 68 93 06 45 33 33 33 43 53 1F 16
21:58:29 接收报文 12 00 00 00 10 20
21:58:29 电表地址: 201000000012

21:58:42 发送成功 串口COM3 FE FE FE FE 68 12 00 00 00 10 20 68 11 04 33 32 34 33 F3 16
21:58:43 接收成功 串口COM3 68 12 00 00 00 10 20 68 91 18 33 32 34 33 5C 34 33 33 95 33 33 33 93 33 33 33 36 33 33 33 35 33 33 33 74 16
21:58:43 接收报文 00 FF 01 00 29 01 00 00 62 00 00 00 60 00 00 00 03 00 00 00 02 00 00 00
21:58:43 正向有功电能: 1.29, 0.62, 0.6, 0.03, 0.02


21:58:44 发送成功 串口COM3 FE FE FE FE 68 12 00 00 00 10 20 68 11 04 33 32 34 35 F5 16
21:58:45 接收成功 串口COM3 68 12 00 00 00 10 20 68 91 0A 33 32 34 35 89 55 32 32 32 32 21 16
21:58:45 接收报文 00 FF 01 02 56 22 FF FF FF FF
21:58:45 三相电压: 225.6, -1, -1


21:58:46 发送成功 串口COM3 FE FE FE FE 68 12 00 00 00 10 20 68 11 04 34 34 33 37 F9 16
21:58:47 接收成功 串口COM3 68 12 00 00 00 10 20 68 91 08 34 34 33 37 34 44 34 49 72 16
21:58:47 接收报文 01 01 00 04 01 11 01 16
21:58:47 日期: 2016-01-11 星期01


21:58:48 发送成功 串口COM3 FE FE FE FE 68 12 00 00 00 10 20 68 11 04 35 34 33 37 FA 16
21:58:49 接收成功 串口COM3 68 12 00 00 00 10 20 68 91 07 35 34 33 37 88 86 54 DF 16
21:58:49 接收报文 02 01 00 04 55 53 21
21:58:49 时间: 21:53:55


21:58:50 发送成功 串口COM3 FE FE FE FE 68 12 00 00 00 10 20 68 11 04 34 33 39 38 FF 16
21:58:51 接收成功 串口COM3 68 12 00 00 00 10 20 68 91 09 34 33 39 38 33 33 3C 43 48 B1 16
21:58:51 接收报文 01 00 06 05 00 00 09 10 15
21:58:51 上2次日冻结时间: 2015-10-9 0:00:00


21:58:52 发送成功 串口COM3 FE FE FE FE 68 12 00 00 00 10 20 68 11 04 33 35 C3 33 85 16
21:58:53 接收成功 串口COM3 68 12 00 00 00 10 20 68 91 08 33 35 C3 33 89 CB 34 33 C4 16
21:58:53 接收报文 00 02 90 00 56 98 01 00
21:58:53 剩余金额: 198.56


21:58:54 发送成功 串口COM3 FE FE FE FE 68 12 00 00 00 10 20 68 11 04 33 33 34 36 F7 16
21:58:55 接收成功 串口COM3 68 12 00 00 00 10 20 68 D1 01 35 19 16
21:58:55 接收报文 02
21:58:55 异常应答: ERR2 无请求数据

21:58:56 发送成功 串口COM3 FE FE FE FE 68 12 00 00 00 10 20 68 11 04 33 40 63 36 33 16
21:58:56 接收成功 串口COM3 68 12 00 00 00 10 20 68 91 07 33 40 63 36 5A 33 33 76 16
21:58:56 接收报文 00 0D 30 03 27 00 00
21:58:56 开盖次数: 27

21:58:58 发送成功 串口COM3 FE FE FE FE 68 12 00 00 00 10 20 68 11 04 34 33 33 50 11 16
21:58:58 接收成功 串口COM3 68 12 00 00 00 10 20 68 91 07 34 33 33 50 33 33 33 2D 16
21:58:58 接收报文 01 00 00 1D 00 00 00
21:58:58 跳闸次数: 0



